2 2 
2 4 
3 1

[((4,2),(3,1)),((3,4),(2,1)),((2,1),(3,4)),((2,4),(1,3))]


l=[((2, 4), (3, 1)), ((4, 2), (3, 1)), ((3, 4), (2, 1)), ((2, 4), (1, 3)), ((2, 1), (3, 4)), ((3, 2), (4, 1)), ((4, 2), (1, 3)), ((4, 1), (3, 2)), ((4, 3), (2, 1)), ((3, 4), (1, 2)), ((3, 1), (2, 4)), ((4, 2), (1, 3)), ((1, 4), (2, 3)), ((2, 3), (1, 4)), ((1, 2), (3, 4)), ((3, 1), (2, 4)), ((2, 1), (4, 3)), ((2, 3), (4, 1)), ((3, 2), (1, 4)), ((3, 1), (4, 2)), ((1, 2), (4, 3)), ((4, 3), (1, 2)), ((1, 4), (3, 2)), ((3, 1), (4, 2)), ((4, 1), (2, 3)), ((2, 3), (4, 1)), ((4, 3), (1, 2)), ((4, 1), (2, 3)), ((4, 3), (1, 2)), ((1, 4), (3, 2)), ((3, 2), (1, 4)), ((1, 3), (2, 4)), ((3, 1), (4, 2)), ((1, 2), (4, 3)), ((4, 3), (1, 2)), ((4, 1), (2, 3)), ((1, 4), (3, 2)), ((1, 3), (2, 4)), ((3, 2), (1, 4)), ((1, 3), (2, 4)), ((2, 3), (4, 1)), ((3, 2), (1, 4)), ((1, 2), (4, 3)), ((1, 4), (3, 2)), ((1, 3), (2, 4)), ((3, 1), (4, 2)), ((1, 2), (4, 3)), ((4, 1), (2, 3)), ((2, 3), (4, 1)), ((1, 3), (4, 2)), ((1, 3), (4, 2)), ((1, 3), (4, 2)), ((1, 3), (4, 2)), ((1, 3), (4, 2)), ((1, 3), (4, 2)), ((1, 3), (4, 2)), ((1, 3), (4, 2)), ((1, 3), (4, 2)), ((1, 3), (4, 2)), ((1, 3), (4, 2)), ((1, 3), (4, 2)), ((1, 3), (4, 2)), ((1, 3), (4, 2)), ((1, 3), (4, 2)), ((1, 3), (4, 2))]

def 2(l):
m=0
for x in l:
    for y in l:
        if x==y:
            m+=1
return(m)
